{
    "Accuracy": 0.23747016706443913,
    "Negative Predictive Value": 0.26100151745068284,
    "Sensitivity": 0.05252918287937743,
    "Specificity": 0.5308641975308642,
    "Precision": 0.15083798882681565,
    "F1-Score": 0.07792207792207792
}